[gd_scene load_steps=8 format=3 uid="uid://dhhhxikvujens"]

[ext_resource type="Environment" uid="uid://ddo455a1peyhr" path="res://scenes/main-environment.tres" id="1_ubfh8"]
[ext_resource type="PackedScene" uid="uid://b8dmw5js5lj1x" path="res://models/character/player/combat-player-pawn.glb" id="1_wl4x5"]
[ext_resource type="Texture2D" uid="uid://plln06jvv8ti" path="res://sprites/ui/hud-placeholder.png" id="2_olpmc"]

[sub_resource type="CapsuleMesh" id="CapsuleMesh_olpmc"]

[sub_resource type="StandardMaterial3D" id="StandardMaterial3D_olpmc"]
albedo_color = Color(0.39118537, 0.39118534, 0.39118534, 1)

[sub_resource type="PlaneMesh" id="PlaneMesh_xdvfk"]
material = SubResource("StandardMaterial3D_olpmc")
size = Vector2(40, 40)

[sub_resource type="BoxMesh" id="BoxMesh_7ft05"]
size = Vector3(3, 3, 3)

[node name="Arena" type="Node3D"]

[node name="Manager" type="Node" parent="."]

[node name="Player" type="Node" parent="."]

[node name="PlayerRoot" type="Node3D" parent="Player"]

[node name="SpringArm3D" type="SpringArm3D" parent="Player/PlayerRoot"]
transform = Transform3D(-1, 3.6946464e-08, -7.923194e-08, 0, 0.90630776, 0.42261827, 8.742278e-08, 0.42261827, -0.90630776, 0, 2, 0)
spring_length = 10.0

[node name="Camera3D" type="Camera3D" parent="Player/PlayerRoot/SpringArm3D"]
transform = Transform3D(1, 0, 0, 0, 1, 0, 0, 0, 1, 0, 15, 0)
current = true
fov = 43.0

[node name="combat-player-pawn" parent="Player/PlayerRoot" instance=ExtResource("1_wl4x5")]

[node name="Skeleton3D" parent="Player/PlayerRoot/combat-player-pawn/metarig" index="0"]
bones/0/position = Vector3(-0.08705007, 0.77720404, -0.043432727)
bones/0/rotation = Quaternion(0.12580495, -0.0019221553, -0.015156601, 0.9919374)
bones/1/rotation = Quaternion(-0.06446954, -0.0027128826, -0.014275786, 0.99781394)
bones/2/rotation = Quaternion(-0.07744556, 0.0010018891, 0.021893919, 0.99675566)
bones/3/rotation = Quaternion(0.0016271251, 1.5045978e-11, -6.439372e-11, 0.9999987)
bones/4/rotation = Quaternion(0.04707811, -3.7095604e-11, 1.0259249e-08, 0.99889123)
bones/5/rotation = Quaternion(-0.12798378, -0.0040915483, 0.064877704, 0.9896436)
bones/6/rotation = Quaternion(0.19897176, 0.00022250693, -0.058718678, 0.9782445)
bones/7/position = Vector3(0.06349797, 0.1866802, 0.063818686)
bones/7/rotation = Quaternion(-0.63512653, -0.2875527, -0.40988022, 0.58815473)
bones/8/rotation = Quaternion(-0.0011857877, 0.78710324, -0.3297049, 0.5213077)
bones/9/rotation = Quaternion(0.1926377, -0.1946067, -0.26474875, 0.92462265)
bones/10/rotation = Quaternion(0.26208547, -0.033307195, -0.069054455, 0.9619945)
bones/11/position = Vector3(-0.022160795, 0.18361652, 0.06373112)
bones/12/rotation = Quaternion(-0.13560581, -0.7249382, 0.2471292, 0.6284926)
bones/13/rotation = Quaternion(0.311288, -0.15357345, 0.12608568, 0.9293102)
bones/14/rotation = Quaternion(0.18164593, -0.1929853, 0.0769994, 0.96116215)
bones/19/position = Vector3(0.13488153, 0.043007266, 0.023689857)
bones/19/rotation = Quaternion(0.94523007, 0.086800136, -0.21233436, 0.23220684)
bones/20/rotation = Quaternion(0.23999237, 0.01983591, 0.02601167, 0.9702235)
bones/21/rotation = Quaternion(-0.5233412, -0.002745221, 0.006468581, 0.8520943)
bones/22/rotation = Quaternion(7.428339e-08, 0.9612487, -0.27568266, -9.930775e-07)
bones/24/position = Vector3(-0.13488154, 0.043007202, 0.02368981)
bones/24/rotation = Quaternion(0.98309326, -0.07269058, 0.009252373, 0.16780435)
bones/25/rotation = Quaternion(0.14522366, -0.005220244, -0.02729475, 0.98900855)
bones/26/rotation = Quaternion(-0.52257043, 0.01905716, -0.051904522, 0.8508013)

[node name="AnimationPlayer" parent="Player/PlayerRoot/combat-player-pawn" index="1"]
autoplay = "Idle"

[node name="Enemies" type="Node" parent="."]

[node name="MeshInstance3D" type="MeshInstance3D" parent="Enemies"]
transform = Transform3D(1, 0, 0, 0, 1, 0, 0, 0, 1, 0.5, 1, 8)
mesh = SubResource("CapsuleMesh_olpmc")

[node name="MeshInstance3D2" type="MeshInstance3D" parent="Enemies"]
transform = Transform3D(1, 0, 0, 0, 1, 0, 0, 0, 1, 5, 1, 5)
mesh = SubResource("CapsuleMesh_olpmc")

[node name="MeshInstance3D3" type="MeshInstance3D" parent="Enemies"]
transform = Transform3D(1, 0, 0, 0, 1, 0, 0, 0, 1, -3.5, 1, 3.5)
mesh = SubResource("CapsuleMesh_olpmc")

[node name="HUD" type="Node" parent="."]

[node name="CanvasLayer" type="CanvasLayer" parent="HUD"]

[node name="TextureRect" type="TextureRect" parent="HUD/CanvasLayer"]
anchors_preset = 15
anchor_right = 1.0
anchor_bottom = 1.0
grow_horizontal = 2
grow_vertical = 2
texture = ExtResource("2_olpmc")

[node name="Level" type="Node" parent="."]

[node name="Ground" type="Node" parent="Level"]

[node name="MeshInstance3D" type="MeshInstance3D" parent="Level/Ground"]
transform = Transform3D(1, 0, 0, 0, 1, 0, 0, 0, 1, 0, 0, 6.5)
mesh = SubResource("PlaneMesh_xdvfk")

[node name="MeshInstance3D2" type="MeshInstance3D" parent="Level/Ground"]
transform = Transform3D(1, 0, 0, 0, 1, 0, 0, 0, 1, -9.5, 0, 0)
mesh = SubResource("BoxMesh_7ft05")

[node name="MeshInstance3D3" type="MeshInstance3D" parent="Level/Ground"]
transform = Transform3D(0.49999997, 0, 0.86602545, 0, 1, 0, -0.86602545, 0, 0.49999997, -9.5, -0.5, 3)
mesh = SubResource("BoxMesh_7ft05")

[node name="MeshInstance3D4" type="MeshInstance3D" parent="Level/Ground"]
transform = Transform3D(0.8660254, 0, -0.5, 0, 1, 0, 0.5, 0, 0.8660254, -7.75, 0, -5.799038)
mesh = SubResource("BoxMesh_7ft05")

[node name="MeshInstance3D5" type="MeshInstance3D" parent="Level/Ground"]
transform = Transform3D(0.8660254, 0, 0.5, 0, 1, 0, -0.5, 0, 0.8660254, -9.25, -0.5, -3.200962)
mesh = SubResource("BoxMesh_7ft05")

[node name="MeshInstance3D6" type="MeshInstance3D" parent="Level/Ground"]
transform = Transform3D(-0.50000006, 0, -0.8660254, 0, 1, 0, 0.8660254, 0, -0.50000006, -2.200962, 0, -3.75)
mesh = SubResource("BoxMesh_7ft05")

[node name="MeshInstance3D7" type="MeshInstance3D" parent="Level/Ground"]
transform = Transform3D(0.49999997, 0, -0.8660254, 0, 1, 0, 0.8660254, 0, 0.49999997, -4.799038, -0.5, -5.25)
mesh = SubResource("BoxMesh_7ft05")

[node name="MeshInstance3D8" type="MeshInstance3D" parent="Level/Ground"]
transform = Transform3D(-5.9604645e-08, 0, -1, 0, 1, 0, 1, 0, -5.9604645e-08, 3.5, 0, -4.5)
mesh = SubResource("BoxMesh_7ft05")

[node name="MeshInstance3D9" type="MeshInstance3D" parent="Level/Ground"]
transform = Transform3D(0.8660253, 0, -0.5, 0, 1, 0, 0.5, 0, 0.8660253, 0.5, -0.5, -4.5)
mesh = SubResource("BoxMesh_7ft05")

[node name="MeshInstance3D10" type="MeshInstance3D" parent="Level/Ground"]
transform = Transform3D(-0.50000006, 0, -0.8660253, 0, 1, 0, 0.8660253, 0, -0.50000006, 8.299038, 0, -1.75)
mesh = SubResource("BoxMesh_7ft05")

[node name="MeshInstance3D11" type="MeshInstance3D" parent="Level/Ground"]
transform = Transform3D(0.49999994, 0, -0.8660253, 0, 1, 0, 0.8660253, 0, 0.49999994, 5.700962, -0.5, -3.25)
mesh = SubResource("BoxMesh_7ft05")

[node name="MeshInstance3D12" type="MeshInstance3D" parent="Level/Ground"]
transform = Transform3D(-1, 0, 2.0861626e-07, 0, 1, 0, -2.0861626e-07, 0, -1, 8.5, 0, 4)
mesh = SubResource("BoxMesh_7ft05")

[node name="MeshInstance3D13" type="MeshInstance3D" parent="Level/Ground"]
transform = Transform3D(-0.50000006, 0, -0.86602527, 0, 1, 0, 0.86602527, 0, -0.50000006, 8.5, -0.5, 1.0000001)
mesh = SubResource("BoxMesh_7ft05")

[node name="MeshInstance3D14" type="MeshInstance3D" parent="Level/Ground"]
transform = Transform3D(-1, 0, 8.742278e-08, 0, 1, 0, -8.742278e-08, 0, -1, 8.166666, 0, 10.000001)
mesh = SubResource("BoxMesh_7ft05")

[node name="MeshInstance3D15" type="MeshInstance3D" parent="Level/Ground"]
transform = Transform3D(-0.50000006, 0, -0.8660254, 0, 1, 0, 0.8660254, 0, -0.50000006, 8.166666, -0.5, 7.000001)
mesh = SubResource("BoxMesh_7ft05")

[node name="MeshInstance3D16" type="MeshInstance3D" parent="Level/Ground"]
transform = Transform3D(-0.8660253, 0, 0.50000006, 0, 1, 0, -0.50000006, 0, -0.8660253, 6.4166665, 0, 15.799039)
mesh = SubResource("BoxMesh_7ft05")

[node name="MeshInstance3D17" type="MeshInstance3D" parent="Level/Ground"]
transform = Transform3D(-0.86602545, 0, -0.4999999, 0, 1, 0, 0.4999999, 0, -0.86602545, 7.9166665, -0.5, 13.200963)
mesh = SubResource("BoxMesh_7ft05")

[node name="MeshInstance3D18" type="MeshInstance3D" parent="Level/Ground"]
transform = Transform3D(0.5000001, 0, 0.8660253, 0, 1, 0, -0.8660253, 0, 0.5000001, 0.8676285, 0, 13.75)
mesh = SubResource("BoxMesh_7ft05")

[node name="MeshInstance3D26" type="MeshInstance3D" parent="Level/Ground"]
transform = Transform3D(2.0000002, 0, 3.4641016, 1.7320508, 3.4641016, -1.0000001, -3, 2, 1.732051, 0.8676285, 0, 24.75)
mesh = SubResource("BoxMesh_7ft05")

[node name="MeshInstance3D27" type="MeshInstance3D" parent="Level/Ground"]
transform = Transform3D(-1.2990382, -1.5, 2.2499998, -0.75000006, 2.598076, 1.299038, -2.598076, 0, -1.5000001, -10.132372, 0, 23.5)
mesh = SubResource("BoxMesh_7ft05")

[node name="MeshInstance3D28" type="MeshInstance3D" parent="Level/Ground"]
transform = Transform3D(0.23205113, 1, 3.8660254, 1.7320509, 3.4641016, -1.0000001, -3.5980763, 1.7320508, -0.23205066, 19.943268, 0, 20.916265)
mesh = SubResource("BoxMesh_7ft05")

[node name="MeshInstance3D29" type="MeshInstance3D" parent="Level/Ground"]
transform = Transform3D(-2.424038, -1.299038, 1.1985569, -0.7500002, 2.5980763, 1.2990382, -1.6004808, 0.74999994, -2.424038, 9.791988, 0, 25.333735)
mesh = SubResource("BoxMesh_7ft05")

[node name="MeshInstance3D30" type="MeshInstance3D" parent="Level/Ground"]
transform = Transform3D(3.2320514, -0.99999994, 2.1339743, 1.7320509, 3.4641016, -1.0000001, -1.5980759, 1.7320509, 3.2320511, 19.318268, 0, -9.0837345)
mesh = SubResource("BoxMesh_7ft05")

[node name="MeshInstance3D31" type="MeshInstance3D" parent="Level/Ground"]
transform = Transform3D(0.17403841, -1.2990379, 2.698557, -0.75, 2.598076, 1.2990382, -2.8995187, -0.7500002, -0.17403805, 10.416988, 0, -15.6662655)
mesh = SubResource("BoxMesh_7ft05")

[node name="MeshInstance3D32" type="MeshInstance3D" parent="Level/Ground"]
transform = Transform3D(0.23205125, 1.0000002, 3.8660257, 1.7320509, 3.4641016, -1.0000001, -3.5980766, 1.7320509, -0.23205054, -1.5567327, 0, -15.5837345)
mesh = SubResource("BoxMesh_7ft05")

[node name="MeshInstance3D33" type="MeshInstance3D" parent="Level/Ground"]
transform = Transform3D(-2.4240375, -1.2990379, 1.1985569, -0.7499998, 2.5980759, 1.2990379, -1.6004807, 0.7499995, -2.4240375, -11.708012, 0, -11.1662655)
mesh = SubResource("BoxMesh_7ft05")

[node name="MeshInstance3D34" type="MeshInstance3D" parent="Level/Ground"]
transform = Transform3D(2.9999995, -1.9999999, -1.7320511, 1.7320507, 3.4641016, -1.0000001, 2.0000005, 2.3841858e-07, 3.464101, -22.257372, 0, 4.625)
mesh = SubResource("BoxMesh_7ft05")

[node name="MeshInstance3D35" type="MeshInstance3D" parent="Level/Ground"]
transform = Transform3D(2.5980756, 4.172325e-07, 1.4999993, -0.7499998, 2.5980759, 1.299038, -1.2990376, -1.4999998, 2.2499995, -21.007372, 0, -6.375)
mesh = SubResource("BoxMesh_7ft05")

[node name="MeshInstance3D36" type="MeshInstance3D" parent="Level/Ground"]
transform = Transform3D(2.9999995, -1.9999999, -1.7320511, 1.7320507, 3.4641016, -1.0000001, 2.0000005, 2.3841858e-07, 3.464101, -22.257372, 0, 23.125)
mesh = SubResource("BoxMesh_7ft05")

[node name="MeshInstance3D37" type="MeshInstance3D" parent="Level/Ground"]
transform = Transform3D(2.5980756, 4.172325e-07, 1.4999993, -0.7499998, 2.5980759, 1.299038, -1.2990376, -1.4999998, 2.2499995, -21.007372, 0, 12.125)
mesh = SubResource("BoxMesh_7ft05")

[node name="MeshInstance3D38" type="MeshInstance3D" parent="Level/Ground"]
transform = Transform3D(2.9999995, -1.9999999, -1.7320511, 1.7320507, 3.4641016, -1.0000001, 2.0000005, 2.3841858e-07, 3.464101, 20.742628, 0, 10.625)
mesh = SubResource("BoxMesh_7ft05")

[node name="MeshInstance3D39" type="MeshInstance3D" parent="Level/Ground"]
transform = Transform3D(2.5980756, 4.172325e-07, 1.4999993, -0.7499998, 2.5980759, 1.299038, -1.2990376, -1.4999998, 2.2499995, 21.992628, 0, -0.375)
mesh = SubResource("BoxMesh_7ft05")

[node name="MeshInstance3D19" type="MeshInstance3D" parent="Level/Ground"]
transform = Transform3D(-0.49999988, 0, 0.86602545, 0, 1, 0, -0.86602545, 0, -0.49999988, 3.4657042, -0.5, 15.25)
mesh = SubResource("BoxMesh_7ft05")

[node name="MeshInstance3D20" type="MeshInstance3D" parent="Level/Ground"]
transform = Transform3D(1.4702742e-07, 0, 1, 0, 1, 0, -1, 0, 1.4702742e-07, -4.833333, 0, 14.5)
mesh = SubResource("BoxMesh_7ft05")

[node name="MeshInstance3D21" type="MeshInstance3D" parent="Level/Ground"]
transform = Transform3D(-0.86602527, 0, 0.50000006, 0, 1, 0, -0.50000006, 0, -0.86602527, -1.8333337, -0.5, 14.5)
mesh = SubResource("BoxMesh_7ft05")

[node name="MeshInstance3D22" type="MeshInstance3D" parent="Level/Ground"]
transform = Transform3D(0.50000024, 0, 0.8660254, 0, 1, 0, -0.8660254, 0, 0.50000024, -9.632372, 0, 11.749999)
mesh = SubResource("BoxMesh_7ft05")

[node name="MeshInstance3D23" type="MeshInstance3D" parent="Level/Ground"]
transform = Transform3D(-0.49999985, 0, 0.8660254, 0, 1, 0, -0.8660254, 0, -0.49999985, -7.034295, -0.5, 13.25)
mesh = SubResource("BoxMesh_7ft05")

[node name="MeshInstance3D24" type="MeshInstance3D" parent="Level/Ground"]
transform = Transform3D(1, 0, -2.9603905e-07, 0, 1, 0, 2.9603905e-07, 0, 1, -9.833333, 0, 5.999999)
mesh = SubResource("BoxMesh_7ft05")

[node name="MeshInstance3D25" type="MeshInstance3D" parent="Level/Ground"]
transform = Transform3D(0.5000001, 0, 0.8660252, 0, 1, 0, -0.8660252, 0, 0.5000001, -9.833334, -0.5, 8.999999)
mesh = SubResource("BoxMesh_7ft05")

[node name="Lighting" type="Node" parent="."]

[node name="DirectionalLight3D" type="DirectionalLight3D" parent="Lighting"]
transform = Transform3D(-0.50000006, -0.4330127, 0.75, -2.1855694e-08, 0.8660254, 0.5, -0.8660254, 0.25, -0.43301272, 0, 0, 0)
light_color = Color(0.9999998, 0.989737, 0.87402666, 1)
shadow_enabled = true

[node name="WorldEnvironment" type="WorldEnvironment" parent="."]
environment = ExtResource("1_ubfh8")

[editable path="Player/PlayerRoot/combat-player-pawn"]
